   1.9800000e+02   3.2000000e+02
   1.8100000e+02   3.5500000e+02
   1.5700000e+02   3.7700000e+02
   1.4800000e+02   4.1600000e+02
   1.3600000e+02   4.5600000e+02
   1.2500000e+02   4.7900000e+02
   1.0600000e+02   5.8900000e+02
   9.7000000e+01   5.2400000e+02
   9.8000000e+01   6.0000000e+02
   7.8000000e+01   5.9400000e+02
   7.6000000e+01   6.2800000e+02
   7.4000000e+01   6.0600000e+02
   7.7000000e+01   6.1900000e+02
   7.3000000e+01   6.3100000e+02
   6.7000000e+01   6.6000000e+02
   5.8000000e+01   6.9300000e+02
   5.9000000e+01   6.7300000e+02
   6.0000000e+01   6.4900000e+02
   5.0000000e+01   6.8300000e+02
   6.4000000e+01   6.8500000e+02
   5.1000000e+01   6.7600000e+02
   5.3000000e+01   6.8400000e+02
   5.4000000e+01   7.0100000e+02
   5.6000000e+01   6.9800000e+02
   5.1000000e+01   7.2100000e+02
   5.1000000e+01   7.0200000e+02
   4.8000000e+01   6.8800000e+02
   4.9000000e+01   6.9700000e+02
   4.6000000e+01   7.1300000e+02
   4.9000000e+01   6.9000000e+02
   4.4000000e+01   6.9200000e+02
   5.0000000e+01   7.4700000e+02
   4.6000000e+01   7.2200000e+02
   4.9000000e+01   7.1600000e+02
   4.8000000e+01   7.0800000e+02
   4.5000000e+01   7.1800000e+02
   4.5000000e+01   6.9900000e+02
   4.6000000e+01   6.9800000e+02
   4.1000000e+01   7.0300000e+02
   4.2000000e+01   7.0300000e+02
   4.7000000e+01   6.9500000e+02
   4.4000000e+01   7.4200000e+02
   4.6000000e+01   6.9100000e+02
   4.3000000e+01   7.0400000e+02
   4.5000000e+01   7.1800000e+02
   5.0000000e+01   7.0700000e+02
   4.3000000e+01   7.0300000e+02
   4.6000000e+01   7.0100000e+02
   4.6000000e+01   7.0300000e+02
   4.7000000e+01   7.1200000e+02
