   1.8100000e+02   3.4700000e+02
   1.5600000e+02   3.9300000e+02
   1.4100000e+02   4.3200000e+02
   1.1700000e+02   4.5700000e+02
   1.0200000e+02   5.1000000e+02
   1.0400000e+02   5.6500000e+02
   8.4000000e+01   5.6100000e+02
   8.3000000e+01   6.3800000e+02
   6.4000000e+01   6.4800000e+02
   7.0000000e+01   6.7100000e+02
   5.9000000e+01   6.7100000e+02
   6.1000000e+01   6.8200000e+02
   5.7000000e+01   6.9000000e+02
   5.4000000e+01   6.8900000e+02
   5.2000000e+01   7.0100000e+02
   5.0000000e+01   7.3700000e+02
   5.0000000e+01   7.1800000e+02
   4.2000000e+01   7.1700000e+02
   4.5000000e+01   7.1600000e+02
   4.2000000e+01   7.3800000e+02
   4.3000000e+01   7.2600000e+02
   4.4000000e+01   7.3700000e+02
   4.4000000e+01   7.2800000e+02
   3.3000000e+01   7.4400000e+02
   3.6000000e+01   7.3900000e+02
   4.2000000e+01   7.2900000e+02
   3.9000000e+01   7.3400000e+02
   3.8000000e+01   7.4300000e+02
   4.0000000e+01   7.6800000e+02
   3.9000000e+01   7.4600000e+02
   4.0000000e+01   7.3300000e+02
   3.7000000e+01   7.4600000e+02
   3.6000000e+01   7.3200000e+02
   3.7000000e+01   7.4500000e+02
   3.7000000e+01   7.4900000e+02
   2.9000000e+01   7.4700000e+02
   3.5000000e+01   7.4400000e+02
   3.6000000e+01   7.5200000e+02
   3.5000000e+01   7.6300000e+02
   3.7000000e+01   7.3900000e+02
   4.0000000e+01   7.5800000e+02
   3.5000000e+01   7.5200000e+02
   3.4000000e+01   7.6700000e+02
   3.7000000e+01   7.5600000e+02
   3.8000000e+01   7.4900000e+02
   3.5000000e+01   7.7800000e+02
   3.7000000e+01   7.6500000e+02
   3.2000000e+01   7.4400000e+02
   3.7000000e+01   7.5400000e+02
   3.4000000e+01   7.6800000e+02
