29.000000
34.095238
39.190476
44.285714
49.380952
54.476190
59.571429
64.666667
69.761905
74.857143
79.952381
85.047619
90.142857
95.238095
100.333333
105.428571
110.523810
115.619048
120.714286
125.809524
130.904762
136.000000
141.095238
146.190476
151.285714
156.380952
161.476190
166.571429
171.666667
176.761905
181.857143
186.952381
192.047619
197.142857
202.238095
207.333333
212.428571
217.523810
222.619048
227.714286
232.809524
237.904762
243.000000
248.095238
253.190476
258.285714
263.380952
268.476190
273.571429
278.666667
283.761905
288.857143
293.952381
299.047619
304.142857
309.238095
314.333333
319.428571
324.523810
329.619048
334.714286
339.809524
344.904762
350.000000
355.095238
360.190476
365.285714
370.380952
375.476190
380.571429
385.666667
390.761905
395.857143
400.952381
406.047619
411.142857
416.238095
421.333333
426.428571
431.523810
436.619048
441.714286
446.809524
451.904762
457.000000
462.095238
467.190476
472.285714
477.380952
482.476190
487.571429
492.666667
497.761905
502.857143
507.952381
513.047619
518.142857
523.238095
528.333333
533.428571
538.523810
543.619048
548.714286
553.809524
558.904762
564.000000
569.095238
574.190476
579.285714
584.380952
589.476190
594.571429
599.666667
604.761905
609.857143
614.952381
620.047619
625.142857
630.238095
635.333333
640.428571
645.523810
650.619048
655.714286
660.809524
665.904762
671.000000
676.095238
681.190476
686.285714
691.380952
696.476190
701.571429
706.666667
711.761905
716.857143
721.952381
727.047619
732.142857
737.238095
742.333333
747.428571
752.523810
757.619048
762.714286
767.809524
772.904762
778.000000