8.582394220866262913e-04
2.656444674357771873e-03
6.768039427697658539e-03
1.431577466428279877e-02
2.546542137861251831e-02
3.868521749973297119e-02
5.101605877280235291e-02
5.934489890933036804e-02
6.178803741931915283e-02
5.831673741340637207e-02
5.044851079583168030e-02
4.039847105741500854e-02
3.022520430386066437e-02
2.131929062306880951e-02
1.430288888514041901e-02
9.206288494169712067e-03
5.733056459575891495e-03
3.481610910966992378e-03
2.077282639220356941e-03
1.226095249876379967e-03
7.204383146017789841e-04
4.238194087520241737e-04
2.508850884623825550e-04
1.501087826909497380e-04
9.112522820942103863e-05
5.630889791063964367e-05
3.551266127033159137e-05
2.290849261044058949e-05
1.514083851361647248e-05
1.026564132189378142e-05
7.146518328227102757e-06
5.111123755341395736e-06
3.756462092496803962e-06
2.837275133060757071e-06
2.202071982537745498e-06
1.755667199176969007e-06
1.437325977349246386e-06
1.207692321258946322e-06
1.040862571244360879e-06
9.195906045533774886e-07
8.322828648488211911e-07
7.711267357990436722e-07
7.308962608476576861e-07
7.081927719809755217e-07
7.009741693764226511e-07
7.082691126925055869e-07
7.300136530830059201e-07
7.669967772017116658e-07
8.208851340896217152e-07
8.943187026488885749e-07
9.911003644447191618e-07
1.116484554586349986e-06
1.277583464798226487e-06
1.483951791669824161e-06
1.748360546116600744e-06
2.087876737277838401e-06
2.525311401768703945e-06
3.091223334195092320e-06
3.826582542387768626e-06
4.786443241755478084e-06
6.044750080036465079e-06
7.700991773162968457e-06
9.888814929581712931e-06
1.278767831536242738e-05
1.663804869167506695e-05
2.176137604692485183e-05
2.858549305528867990e-05
3.767755697481334209e-05
4.978504148311913013e-05
6.588590622413903475e-05
8.725084626348689198e-05
1.155154386651702225e-04
1.527642889413982630e-04
2.016231592278927565e-04
2.653603442013263702e-04
3.479855076875537634e-04
4.543403047136962414e-04
5.901784170418977737e-04
7.621975964866578579e-04
9.780358523130416870e-04
1.246194820851087570e-03
1.575871254317462444e-03
1.976686064153909683e-03
2.458320232108235359e-03
3.029981860890984535e-03
3.699815133586525917e-03
4.474208224564790726e-03
5.356983747333288193e-03
6.348648108541965485e-03
7.445693947374820709e-03
8.639945648610591888e-03
9.918117895722389221e-03
1.126173324882984161e-02
1.264711935073137283e-02
1.404594350606203079e-02
1.542604155838489532e-02
1.675240136682987213e-02
1.798865012824535370e-02
1.909863017499446869e-02
2.004804089665412903e-02
2.080607786774635315e-02
2.134710550308227539e-02
2.165191434323787689e-02
2.170875854790210724e-02
2.151403389871120453e-02
2.107255347073078156e-02
2.039726078510284424e-02
1.950865983963012695e-02
1.843383908271789551e-02
1.720507629215717316e-02
1.585831306874752045e-02
1.443149708211421967e-02
1.296285353600978851e-02
1.148914173245429993e-02
1.004435122013092041e-02
8.658337406814098358e-03
7.355947047472000122e-03
6.156396120786666870e-03
5.073082633316516876e-03
4.113646689802408218e-03
3.280353266745805740e-03
2.570756711065769196e-03
1.978493761271238327e-03
1.494186930358409882e-03
1.106415060348808765e-03
8.026116411201655865e-04
5.698798922821879387e-04
3.957021399401128292e-04
2.684615610633045435e-04
1.778129662852734327e-04
1.148924202425405383e-04
7.237825775519013405e-05
4.443696161615662277e-05
2.658676385181024671e-05
1.550666274852119386e-05
8.824376891425345093e-06
