148
615
89
609
79
557
115
590
99
77
558
69
74
88
90
78
84
556
588
551
584
77
88
598
66
626
560
76
548
561
590
88
562
73
108
616
77
81
592
82
97
130
505
532
63
576
560
79
627
539
574
570
82
67
80
122
515
591
451
582
599
70
527
64
552
523
82
605
95
532
573
581
545
96
512
89
106
93
482
608
562
89
602
517
112
548
85
529
647
598
116
570
552
68
79
98
492
611
492
527
593
504
70
85
83
85
63
563
69
563
493
575
620
530
537
107
603
619
502
91
113
85
587
74
563
523
102
557
509
585
580
86
103
74
106
120
79
79
102
551
78
525
549
621
95
87
66
576
121
571
88
72
550
574
100
534
584
547
528
98
60
596
563
533
556
534
89
89
86
79
596
609
570
493
611
523
593
549
488
66
561
109
486
558
556
86
597
598
481
588
61
583
79
513
89
104
88
86
89
556
564
566
114
547
109
108
522
79
77
118
577
551
587
79
103
490
91
565
556
106
502
539
90
549
519
549
646
105
621
131
583
570
513
84
566
68
76
104
74
110
544
539
71
69
591
543
472
76
566
76
513
118
83
75
95
77
595
75
513
73
475
549
515
637
540
584
91
89
149
71
112
74
556
641
109
93
579
87
101
533
100
588
557
78
495
609
88
67
87
514
75
130
580
598
77
584
109
627
479
603
93
101
649
551
531
83
86
135
592
97
56
524
79
642
72
510
85
534
578
81
629
103
94
96
519
555
107
81
65
72
570
512
71
128
606
68
79
102
537
626
101
544
549
86
615
470
67
72
108
610
561
534
99
82
580
526
80
570
576
520
87
639
603
562
587
68
477
542
89
589
498
78
105
115
111
89
81
579
579
527
89
553
80
78
99
558
532
519
557
514
525
84
81
705
73
77
548
79
96
557
87
54
110
92
79
61
515
590
81
579
88
525
118
76
71
503
616
107
88
66
81
657
581
80
81
85
73
569
608
512
535
560
563
488
59
88
510
92
602
90
646
86
117
75
94
88
76
588
81
73
124
560
108
525
99
622
602
87
67
118
72
109
554
537
571
89
105
67
77
84
601
84
534
60
112
597
76
77
100
80
538
86
106
605
531
574
109
88
68
574
88
93
530
542
83
128
620
83
568
81
104
537
77
67
80
615
478
544
597
586
594
558
87
562
90
559
497
524
568
104
102
541
89
85
60
131
84
604
525
511
483
98
89
127
76
95
73
63
543
71
105
78
551
570
592
104
579
108
614
99
500
586
102
591
105
77
139
617
109
83
133
603
109
93
561
106
513
50
81
496
77
117
91
112
61
561
78
471
83
605
109
512
92
66
87
113
77
576
71
92
92
86
65
725
567
583
485
85
508
605
81
94
527
80
82
596
118
565
593
66
541
599
600
605
480
615
549
72
586
92
106
497
578
60
86
508
535
588
79
91
93
545
578
586
581
63
648
71
68
578
514
84
172
96
554
111
64
117
113
65
571
90
590
518
581
486
542
557
86
522
74
500
554
553
134
88
639
552
82
569
476
424
598
76
626
593
155
105
549
605
125
85
584
637
620
541
67
80
93
93
523
566
639
544
577
587
59
90
108
89
93
102
66
609
541
76
542
562
106
75
512
591
69
541
532
106
80
538
71
591
69
542
72
600
112
104
65
612
561
581
104
481
596
542
103
75
555
530
69
91
89
72
531
550
94
67
592
590
527
76
521
472
525
533
542
562
49
555
563
542
497
93
615
429
604
66
110
91
99
69
617
130
77
583
520
95
652
98
66
74
75
550
86
625
119
535
571
447
82
562
78
81
514
71
88
69
571
643
527
612
101
555
79
560
575
497
567
558
93
74
468
546
69
555
584
535
594
600
75
71
95
77
83
56
72
65
599
540
91
511
77
475
52
108
76
83
56
115
603
88
95
548
595
630
492
97
589
74
98
470
530
98
94
131
73
82
590
110
583
69
546
48
582
560
574
79
463
629
73
84
84
73
602
539
110
613
119
560
614
87
90
91
559
511
87
77
101
62
89
485
584
78
67
76
96
580
90
546
656
82
542
84
77
652
595
80
583
77
78
99
582
115
558
87
566
80
490
654
116
119
483
83
100
589
82
511
92
131
446
148
537
68
106
83
100
75
88
582
108
577
626
92
588
104
94
575
85
77
491
553
581
503
633
69
513
557
566
109
79
526
109
581
68
546
560
78
582
554
118
78
85
74
84
471
626
92
78
575
78
599
534
120
60
118
569
551
506
611
73
546
78
96
85
123
545
111
97
592
498
535
83
526
116
553
58
561
85
630
119
79
72
592
64
539
599
610
540
527
534
77
574
524
75
73
83
71
500
83
79
121
526
72
72
91
555
549
550
609
555
590
552
604
560
576
474
503
106
91
551
477
62
90
545
94
535
549
90
101
608
85
564
518
609
542
549
571
592
560
107
491
548
608
531
80
564
677
129
593
519
100
501
567
518
532
535
497
540
597
595
69
88
536
613
82
97
601
130
86
436
571
125
97
535
81
547
125
520
94
65
90
77
69
110
88
516
587
95
576
547
70
95
110
84
77
585
93
96
77
575
558
80
584
623
439
98
570
67
484
583
62
541
384
598
555
539
95
561
82
104
535
530
587
80
556
77
470
95
603
501
103
101
101
569
79
83
80
86
87
105
546
539
82
564
577
597
94
88
87
77
85
96
68
533
561
477
139
553
551
72
117
549
560
552
72
85
81
94
532
668
546
88
553
626
606
545
539
510
88
93
588
81
602
110
91
511
599
103
84
502
631
558
128
68
98
70
520
97
566
544
547
519
104
66
103
117
91
77
546
96
87
91
90
81
79
99
594
474
486
125
643
80
87
497
530
94
504
89
599
528
527
610
109
557
481
120
605
486
158
79
108
590
68
552
533
113
697
526
93
575
106
527
64
83
566
587
570
102
90
555
96
637
619
84
603
459
535
540
87
616
90
642
631
87
580
74
71
75
67
562
596
90
128
88
582
602
85
587
553
89
561
532
84
600
81
89
519
64
86
83
508
80
73
107
518
525
578
566
557
525
70
84
63
469
101
108
609
570
81
98
503
614
581
80
75
110
52
90
65
617
503
580
93
92
77
68
568
98
96
116
85
486
619
595
492
535
566
538
613
93
546
103
612
86
96
542
525
601
559
84
60
60
568
583
112
592
72
63
542
103
79
507
522
88
469
547
89
96
541
83
75
573
535
94
506
92
518
519
124
451
101
84
82
598
84
124
632
78
537
577
566
88
106
105
546
93
533
491
566
85
552
77
85
84
98
632
77
550
109
561
62
560
77
515
80
530
597
87
71
93
93
510
414
585
103
60
76
591
459
649
129
123
587
501
86
79
587
87
55
93
113
96
544
93
582
531
86
68
519
605
93
93
79
92
564
512
87
77
463
84
541
104
547
601
546
449
642
80
101
660
503
92
532
98
616
555
550
569
506
89
94
102
84
528
556
93
91
530
92
84
523
478
564
75
115
577
96
535
598
90
64
100
83
82
629
592
582
529
112
502
88
565
531
89
636
575
79
89
101
84
484
523
466
71
466
523
68
570
90
74
132
103
83
62
108
92
481
568
562
88
89
555
94
588
78
75
599
514
545
112
513
580
71
597
99
117
513
508
75
559
65
631
493
550
552
548
589
572
499
574
79
519
98
93
91
569
111
557
89
137
118
88
639
547
612
622
628
85
73
102
98
516
102
580
77
587
81
529
102
74
631
72
100
571
73
70
647
100
78
64
81
56
526
536
601
93
505
98
79
544
89
583
64
596
94
82
108
76
98
138
518
81
96
91
542
505
581
101
79
84
91
97
598
72
635
471
103
95
586
70
573
93
80
76
587
97
58
542
559
491
489
114
76
523
86
75
586
572
54
64
628
87
533
99
554
107
81
623
83
508
121
558
63
100
579
60
65
567
573
566
629
536
571
82
70
99
535
562
87
585
79
74
508
576
99
599
71
89
512
647
592
646
535
141
525
452
142
544
563
563
96
109
77
546
58
108
540
603
624
562
78
85
101
84
74
89
91
580
121
79
612
98
81
97
572
515
550
617
502
564
583
75
519
94
104
575
599
84
518
517
544
104
554
621
597
88
98
659
598
66
598
612
440
620
648
63
64
75
73
89
586
75
103
95
75
531
94
640
103
86
508
499
538
582
529
583
103
63
111
619
568
611
586
121
80
535
89
85
73
629
612
75
98
476
82
69
526
516
501
572
92
536
514
146
619
101
76
516
80
117
507
492
520
79
563
82
493
96
448
531
124
98
109
538
511
580
93
99
586
560
77
78
76
87
137
641
110
109
98
78
483
107
557
72
121
109
527
96
544
94
76
119
531
63
494
533
598
603
76
91
101
568
66
94
103
631
91
553
109
587
74
548
582
521
75
54
90
531
559
77
78
58
566
91
604
630
80
87
91
549
513
90
86
77
505
65
522
80
100
558
108
655
117
531
78
519
476
594
129
609
553
565
600
535
85
569
494
520
70
135
536
536
90
511
508
496
499
71
533
607
52
103
127
75
81
83
95
554
653
73
672
508
67
542
470
79
466
504
492
524
518
82
550
126
594
88
86
572
85
489
105
637
581
617
544
523
535
125
75
561
495
591
547
578
113
90
511
507
90
123
95
607
552
636
574
72
505
414
532
104
579
75
478
106
576
85
94
589
92
572
544
500
468
564
563
97
55
579
92
462
68
613
457
85
88
565
115
72
79
105
78
584
92
62
521
633
84
106
62
83
61
542
496
65
91
539
104
581
531
76
544
82
541
85
548
102
532
101
93
74
593
79
89
98
92
109
557
104
580
51
71
124
103
62
592
86
584
82
86
575
109
550
81
613
70
84
581
521
87
546
544
564
90
528
104
90
454
96
501
530
518
606
85
590
518
518
75
601
101
82
573
91
659
67
545
96
86
86
87
67
69
607
676
606
515
68
85
79
99
503
541
104
70
108
538
507
78
561
585
80
90
568
478
79
540
104
105
64
65
92
74
70
70
638
96
524
534
53
544
501
73
97
82
571
500
481
565
495
75
100
91
84
551
90
493
606
76
70
78
572
96
545
611
65
91
64
80
672
108
495
534
100
514
69
648
116
518
106
557
171
476
83
562
82
543
66
65
94
82
122
599
524
70
544
556
574
556
96
77
100
73
568
607
73
503
565
71
118
86
105
546
96
527
486
581
540
100
112
89
512
91
129
102
95
589
93
110
572
493
78
99
522
116
108
69
62
544
593
570
103
119
75
467
92
68
73
95
497
105
75
69
514
88
611
558
96
76
568
90
89
588
595
565
63
670
592
84
566
602
92
541
111
82
524
84
77
547
588
611
560
584
82
88
89
465
636
585
68
599
104
550
593
583
616
607
582
610
526
86
474
80
76
85
502
575
121
568
73
586
85
526
96
609
71
97
79
106
520
99
584
482
524
112
513
62
518
474
529
470
560
544
566
65
90
72
77
537
584
79
68
75
575
71
82
71
536
74
106
58
620
96
68
109
90
100
509
77
82
519
494
118
536
98
69
560
106
572
593
101
67
598
118
69
594
78
68
67
89
98
542
594
602
474
543
658
602
602
90
560
513
587
534
82
71
513
99
78
74
126
96
62
108
94
91
72
75
517
555
549
554
95
557
94
452
585
456
82
608
69
546
101
61
116
105
65
78
555
431
98
126
94
555
78
586
82
645
478
535
540
561
544
529
105
559
577
82
562
495
495
76
76
481
524
573
599
474
522
667
588
79
538
523
573
618
594
572
72
505
108
113
504
110
484
105
84
519
627
568
555
508
547
666
107
96
578
592
92
488
82
572
515
78
528
598
595
87
90
70
78
561
72
590
116
556
561
91
557
103
531
64
541
73
532
553
78
90
575
95
89
558
112
89
80
538
91
485
514
556
601
87
571
85
530
112
588
594
75
109
562
88
63
533
462
106
74
101
610
482
109
553
482
80
95
637
94
94
515
98
607
93
639
86
604
509
519
605
93
92
510
89
139
79
59
520
53
539
530
549
73
573
550
577
78
642
102
94
82
111
112
542
86
561
66
583
83
104
578
552
77
556
70
582
550
102
594
556
76
502
637
537
559
560
534
498
571
592
555
464
61
561
113
100
72
75
78
556
570
582
84
90
511
522
592
598
88
83
93
608
94
513
59
558
85
539
511
84
76
563
86
104
621
113
84
493
81
599
540
125
523
532
587
67
471
585
98
86
590
532
515
72
476
588
568
82
554
647
83
535
101
94
104
435
558
614
83
88
121
530
61
613
557
73
65
557
594
91
532
93
79
119
580
88
533
66
91
576
514
73
541
98
85
533
621
641
52
86
581
517
597
542
99
645
519
90
97
484
91
536
499
79
595
92
81
63
462
90
537
71
571
582
103
505
92
534
531
94
461
555
662
507
114
89
86
505
89
611
591
78
607
95
70
77
483
621
66
92
543
97
598
69
608
90
100
95
577
499
611
91
555
500
97
544
495
622
592
72
511
547
515
96
58
561
576
97
526
71
84
533
80
92
577
631
558
59
83
99
581
560
614
97
90
106
86
68
564
96
75
647
105
559
81
604
76
98
561
86
78
87
557
78
93
123
505
86
615
504
78
86
435
522
539
528
83
95
538
575
502
516
517
112
578
87
558
98
558
483
648
93
600
583
93
647
522
123
104
553
455
59
550
121
567
84
563
76
581
80
526
500
563
67
588
597
529
561
116
106
105
515
74
617
113
473
71
545
108
102
71
89
672
484
565
589
473
93
466
514
119
75
511
83
62
90
562
88
88
96
61
594
567
113
101
106
599
542
71
77
76
77
104
72
80
623
94
79
91
524
500
517
560
627
72
86
101
566
567
545
82
491
87
107
70
105
88
595
124
75
75
615
545
105
75
113
55
91
429
88
607
90
51
543
72
517
515
556
84
91
72
104
508
82
525
584
79
589
84
81
81
623
70
81
104
603
74
545
112
570
82
92
622
502
572
80
90
79
78
626
548
544
83
606
76
549
615
493
590
548
500
481
574
93
69
575
595
92
625
577
503
83
83
607
88
107
93
428
542
82
103
63
557
83
598
492
572
608
81
572
101
485
94
91
549
546
100
601
509
77
104
71
476
89
555
579
87
501
122
648
87
101
87
68
110
85
604
579
71
70
102
572
610
103
72
101
84
469
574
103
617
594
113
641
631
71
97
614
71
533
103
75
626
570
94
570
591
560
554
486
608
559
89
100
110
103
591
500
593
620
83
90
467
85
513
604
112
552
102
534
510
571
94
574
92
584
592
571
96
600
100
59
86
101
77
87
540
62
81
125
531
109
104
570
106
592
110
488
76
521
105
101
101
596
532
485
90
78
138
76
587
559
536
543
128
137
80
90
67
513
516
535
502
573
483
82
550
518
524
108
474
66
67
541
83
580
581
81
533
85
66
98
74
567
87
587
194
576
608
528
83
105
83
521
555
556
79
534
587
89
518
616
599
101
604
78
489
601
586
74
83
502
84
617
524
493
66
88
634
546
552
540
549
82
99
82
65
99
480
99
84
92
108
100
513
72
531
81
488
521
535
537
512
90
43
68
529
92
76
111
588
93
573
76
123
571
619
614
82
525
80
109
84
86
103
532
84
56
453
570
599
84
52
80
503
517
609
474
526
77
78
537
549
80
580
88
559
90
75
83
518
125
594
96
64
511
560
76
530
101
69
105
68
553
543
559
76
674
524
537
626
109
97
574
101
516
555
528
75
555
625
77
75
101
488
84
601
504
574
85
71
552
629
603
92
621
598
573
80
654
64
629
553
561
585
81
546
622
612
627
553
84
599
598
81
128
60
104
156
598
91
109
606
559
113
572
524
80
100
71
571
71
573
89
609
460
504
112
512
83
609
540
89
584
532
84
573
602
640
575
508
588
98
62
79
94
67
78
527
111
522
57
72
85
89
86
617
92
514
91
100
86
78
78
82
630
539
570
67
552
118
558
116
111
91
107
66
72
90
615
97
77
85
597
64
86
536
558
541
606
477
602
440
78
584
364
576
601
507
587
90
88
76
489
521
614
75
563
98
543
475
78
79
109
89
71
579
516
98
592
493
584
99
518
561
559
574
627
573
548
71
592
82
87
549
574
88
561
593
91
616
69
539
58
66
68
650
575
528
582
569
535
498
631
81
75
579
634
590
531
552
451
116
696
79
90
551
584
103
75
490
549
578
75
76
84
73
539
589
82
97
643
682
582
71
98
85
91
538
89
568
486
500
493
579
519
543
545
79
446
510
529
512
86
602
664
512
106
567
500
80
574
75
488
86
586
549
616
634
108
516
558
530
603
78
59
91
541
609
84
587
505
81
542
128
594
86
557
125
567
557
126
86
600
90
547
484
504
469
76
91
59
528
65
650
582
468
573
80
607
78
70
580
83
591
74
66
510
79
60
73
116
91
533
96
551
89
90
82
526
610
75
61
555
533
566
107
574
572
66
555
498
100
490
64
104
95
87
67
623
542
90
85
587
70
89
55
84
70
106
614
66
83
546
81
581
571
89
544
65
83
623
77
564
576
68
618
555
111
537
87
81
102
82
116
613
93
72
556
584
621
69
78
558
542
445
575
556
646
513
523
503
85
105
557
564
604
89
521
95
528
68
589
514
531
587
607
94
542
84
87
104
84
85
85
559
565
561
76
536
97
633
547
88
561
477
527
101
74
444
82
86
92
71
85
77
522
591
77
94
575
73
541
500
109
533
474
558
590
550
71
620
70
73
555
586
83
71
550
492
89
89
523
91
76
80
83
92
507
94
556
129
81
75
62
589
62
91
55
98
78
81
567
96
93
505
80
494
565
540
71
109
68
519
591
56
96
115
510
597
117
529
564
587
565
121
600
71
81
65
479
605
561
561
82
562
71
93
86
631
89
657
74
126
91
71
562
84
75
82
522
517
86
83
537
109
122
568
128
100
72
98
84
74
67
539
549
97
115
106
559
73
614
87
102
78
79
528
80
86
544
445
81
64
509
543
101
80
437
636
98
86
97
105
95
139
80
572
62
73
65
514
84
605
553
580
611
575
450
580
78
76
600
579
112
106
502
521
99
80
612
99
76
123
93
110
80
540
532
76
598
92
633
552
575
78
531
540
74
86
99
559
85
88
475
470
539
110
518
571
505
583
547
536
559
553
53
616
524
90
111
605
558
91
492
533
108
599
101
628
605
561
101
531
126
96
493
97
601
111
105
125
70
64
557
103
88
584
571
528
534
553
576
123
571
490
591
541
558
83
613
580
88
649
599
522
92
626
519
624
84
525
83
101
536
587
577
590
94
83
90
106
539
592
68
592
72
604
519
551
100
114
94
97
101
81
80
608
100
73
528
87
519
94
99
65
67
579
504
118
85
562
86
456
523
101
571
655
596
98
91
78
97
112
92
463
76
93
503
450
585
59
73
97
538
521
582
75
82
642
78
560
76
69
558
99
85
556
71
527
567
74
551
61
65
96
69
80
575
67
65
611
592
96
95
63
551
540
82
513
448
585
532
594
601
70
636
526
124
80
119
594
578
85
584
575
97
89
128
572
97
568
485
636
75
95
550
425
98
595
93
104
506
562
614
535
54
541
79
44
106
132
492
568
524
99
78
108
119
75
546
572
598
114
504
76
79
542
566
81
88
132
473
575
564
90
96
91
606
548
68
616
62
126
98
527
531
84
72
496
501
68
66
528
113
64
531
605
634
572
69
86
475
455
611
574
92
71
559
582
594
80
57
484
568
72
549
567
544
84
83
92
527
492
490
97
575
562
560
122
102
113
98
506
73
82
87
539
54
556
610
86
108
70
531
72
573
571
532
95
76
595
630
501
75
64
85
614
551
104
80
112
96
613
109
69
616
599
66
75
97
78
531
119
98
508
91
644
82
559
76
632
473
631
92
546
84
98
522
70
517
446
107
76
599
84
510
517
527
632
90
624
607
583
74
597
547
609
589
529
527
567
98
646
556
575
623
487
62
520
603
67
577
593
531
514
60
88
97
78
89
527
93
555
510
546
88
538
605
69
83
112
96
513
564
69
79
495
86
556
115
549
76
619
81
557
554
587
91
541
95
87
63
498
86
647
505
543
593
97
78
87
583
90
487
77
637
557
558
587
104
92
99
89
111
116
542
615
93
96
82
542
102
74
96
83
82
604
555
600
69
100
90
86
68
546
549
82
581
110
548
82
540
74
615
569
102
95
508
491
90
111
631
599
88
115
86
566
545
95
90
638
77
70
72
622
510
634
566
578
551
553
590
520
90
467
577
93
78
549
576
574
521
102
120
61
77
565
556
79
115
422
533
73
80
107
563
468
560
580
97
87
79
560
79
575
92
585
97
565
78
583
70
80
105
103
550
94
92
90
87
497
554
103
74
662
84
586
514
75
87
60
80
581
86
540
98
82
569
614
579
638
87
554
81
640
93
505
565
594
588
496
497
537
59
93
592
75
563
565
638
563
574
540
57
575
81
573
85
448
99
92
95
576
73
616
84
497
103
506
568
85
570
99
88
82
600
516
543
514
117
506
553
91
581
85
80
573
88
70
637
96
631
82
572
520
531
90
81
71
545
558
635
497
607
584
85
545
64
530
101
95
86
591
565
534
563
85
506
588
574
536
636
94
596
569
67
76
90
118
75
591
571
573
590
544
617
536
556
63
67
78
440
70
550
594
89
71
78
62
118
596
72
539
75
605
623
519
100
85
98
544
513
82
439
90
92
70
481
94
81
604
118
519
458
561
61
600
127
89
88
548
529
617
54
55
573
68
104
89
505
78
97
96
615
532
566
78
91
87
643
505
92
83
540
98
541
577
541
88
106
552
633
507
427
481
80
88
563
482
594
71
83
89
459
80
115
137
80
535
69
511
569
76
543
86
607
477
526
81
484
600
94
94
74
95
594
88
112
92
77
83
584
457
526
74
474
604
547
86
96
86
538
77
554
417
104
83
544
68
89
548
75
80
113
519
562
65
79
534
597
548
583
531
76
110
83
570
565
90
582
451
97
552
476
80
86
77
72
652
91
562
84
463
80
551
97
107
543
89
104
78
95
517
71
568
584
512
630
105
525
80
614
485
512
573
578
94
564
452
109
637
71
70
106
64
77
86
82
492
586
598
73
93
102
96
597
546
96
570
592
91
565
59
487
128
83
85
82
84
656
53
523
104
80
596
89
539
119
514
78
69
93
70
528
82
568
485
522
95
94
91
461
98
82
84
93
616
60
558
91
76
75
77
76
78
551
616
517
102
121
89
61
540
501
71
186
539
528
67
69
97
577
89
86
600
540
570
88
61
62
499
86
115
70
91
128
505
622
540
76
82
549
559
579
534
609
573
473
607
82
606
536
75
555
89
615
537
514
87
441
558
566
167
82
515
540
576
574
123
565
127
581
636
99
81
97
99
93
106
514
521
599
60
76
539
112
71
524
630
86
512
57
573
88
613
599
495
108
584
548
603
547
522
533
579
79
512
543
531
560
93
78
595
660
88
555
94
83
506
517
104
511
556
564
577
486
604
90
551
81
96
693
471
88
111
540
74
86
55
553
123
85
553
593
104
562
542
548
115
518
545
92
70
65
485
84
98
60
69
71
108
92
96
605
119
547
88
590
587
551
607
577
125
717
66
67
92
543
98
98
73
88
67
528
139
83
76
596
587
139
580
560
503
100
92
590
83
81
66
523
95
583
101
560
124
75
544
100
620
67
508
573
106
79
600
97
77
77
77
651
85
521
105
115
480
552
89
96
61
59
78
535
75
70
553
604
536
620
532
73
485
462
87
112
141
593
89
612
586
508
78
93
81
515
80
90
598
540
547
605
83
59
594
91
91
531
503
65
59
96
620
624
602
68
112
75
577
518
568
596
91
587
585
77
555
576
477
500
595
81
97
514
79
64
107
72
97
541
106
84
81
576
490
567
77
97
75
665
105
75
519
83
94
579
533
58
107
107
101
107
598
70
624
590
71
579
85
564
516
525
587
72
80
124
582
539
540
75
77
545
556
103
562
508
521
600
545
120
116
82
613
540
79
92
542
92
74
100
570
68
600
594
537
526
557
544
547
90
597
76
480
609
99
604
510
563
185
595
77
565
602
603
545
567
590
91
127
79
73
78
606
78
621
100
97
78
495
68
70
90
579
588
69
566
87
481
112
75
575
127
94
535
651
517
566
76
553
76
505
572
94
73
528
105
69
70
561
85
593
486
557
106
565
74
577
562
628
90
567
120
607
610
659
141
82
82
96
72
510
88
72
541
118
92
132
612
631
554
76
101
90
519
72
541
556
653
530
82
429
67
83
500
523
550
557
86
584
575
544
635
524
79
586
520
546
70
502
95
92
92
565
559
59
109
447
92
569
69
78
485
79
566
78
553
533
72
103
106
100
67
535
552
606
554
75
523
90
577
532
85
518
83
81
621
84
83
552
493
77
579
81
555
89
536
87
563
660
68
559
84
612
545
527
557
66
546
540
499
85
598
74
136
512
94
71
566
79
566
557
530
80
575
98
91
492
530
85
612
544
96
533
54
85
529
96
547
83
78
534
564
555
634
83
78
71
80
546
81
554
540
516
522
117
580
549
95
475
564
78
86
78
501
616
66
101
586
583
95
610
78
501
96
570
610
456
104
91
95
72
506
94
99
557
459
613
560
105
631
589
547
79
61
106
603
586
83
103
92
603
92
640
523
62
530
99
60
79
105
582
84
88
90
515
93
79
602
86
503
72
67
573
615
540
95
547
555
621
594
566
590
85
78
612
94
82
98
70
97
603
68
87
595
542
76
556
109
73
590
81
103
77
86
594
640
97
470
592
86
78
574
89
584
94
63
556
75
87
76
82
136
70
131
572
578
547
89
568
501
49
103
540
575
545
68
160
599
81
558
78
617
594
65
98
65
491
130
61
491
579
91
62
91
83
88
78
69
529
576
566
74
64
515
91
96
70
630
490
599
98
77
580
600
112
99
540
550
540
565
589
521
510
493
102
73
550
80
84
85
66
82
506
606
61
58
97
560
593
99
81
425
108
112
585
517
466
93
575
69
99
560
83
112
562
104
107
536
552
86
552
526
690
596
579
574
74
608
62
588
57
505
155
79
67
82
72
75
95
98
74
445
92
99
80
534
121
588
556
574
79
127
557
90
494
70
566
536
75
585
598
595
573
564
87
105
430
74
121
496
584
505
86
110
95
78
78
600
633
605
507
593
95
104
519
79
563
566
601
84
86
74
560
81
101
110
565
105
548
71
562
79
73
89
541
83
91
100
100
98
104
621
104
529
553
71
517
537
90
91
557
131
577
78
130
97
447
95
93
610
536
457
457
105
600
69
500
90
93
561
563
82
605
61
74
470
81
557
560
537
75
75
490
551
74
535
544
548
565
84
549
85
63
80
86
79
80
560
567
94
87
81
101
619
559
70
96
72
83
79
575
548
459
574
530
166
71
576
97
68
99
562
80
638
600
86
103
92
87
95
63
626
65
619
77
119
572
101
482
573
141
600
577
631
538
94
96
74
587
497
66
513
607
518
72
551
595
106
68
596
74
99
118
70
502
91
656
608
488
592
557
588
86
114
102
159
564
73
572
113
92
56
500
89
574
82
505
70
589
84
70
597
83
81
536
579
84
75
81
545
480
86
590
582
74
82
118
84
577
633
86
99
545
104
628
82
67
85
540
103
91
93
68
599
647
95
619
547
591
91
586
591
96
67
109
67
571
608
94
558
487
83
68
575
553
110
554
545
78
522
84
135
622
436
611
96
65
496
87
552
95
109
162
73
546
79
595
99
97
520
462
549
83
558
73
66
578
645
66
585
113
86
73
77
606
592
75
88
86
531
111
100
72
108
611
116
592
507
81
558
86
70
523
560
574
561
76
72
546
81
508
471
514
76
609
61
68
85
576
566
93
74
585
73
586
566
124
88
561
547
567
80
108
75
492
545
103
77
549
578
588
85
69
75
81
107
85
99
45
74
590
534
591
501
105
551
85
120
472
532
590
83
542
95
74
79
531
109
509
78
557
105
77
84
440
565
480
543
64
121
577
76
97
546
81
528
605
87
632
67
56
104
85
531
64
565
477
80
93
81
553
542
84
546
119
600
471
88
606
59
562
525
460
513
594
547
573
602
604
76
109
558
75
647
493
524
72
569
533
598
561
62
110
557
538
108
157
582
566
93
467
591
512
577
565
546
83
529
604
548
79
532
86
535
72
563
573
546
84
536
85
598
555
554
582
556
568
524
547
83
533
113
100
117
488
72
541
48
536
465
104
517
87
542
98
92
614
430
89
76
594
608
616
86
572
79
626
595
511
106
538
550
84
122
627
545
614
83
71
604
640
574
64
573
71
83
511
84
560
546
79
75
612
80
87
563
90
530
81
507
89
75
583
84
532
605
60
121
88
75
67
516
73
596
79
93
518
569
102
584
600
105
565
560
106
569
101
482
77
121
113
77
115
83
576
531
602
120
79
129
92
89
555
520
106
539
111
86
61
103
550
89
90
570
566
521
617
528
70
525
77
91
65
101
496
80
595
578
92
597
614
558
109
63
54
85
101
73
596
613
112
540
585
95
79
94
75
592
77
84
464
90
658
92
82
545
83
98
115
551
70
581
76
97
69
88
92
98
68
101
509
543
604
606
530
541
77
507
87
103
558
82
74
528
607
585
552
620
91
555
488
552
132
491
455
522
585
133
577
600
541
49
78
91
93
70
80
77
553
61
528
622
102
554
73
74
603
78
86
74
512
571
72
594
71
542
119
575
76
102
80
497
85
83
568
63
513
512
69
511
79
92
96
531
560
83
652
545
78
99
111
512
624
557
83
576
582
79
55
108
80
614
75
569
88
91
543
121
93
76
79
513
553
87
595
102
443
514
532
567
462
74
631
88
645
73
100
97
585
584
558
589
90
511
82
75
78
630
637
558
633
62
101
100
566
518
101
645
553
549
530
613
88
68
76
80
555
555
112
568
539
131
589
616
550
541
100
598
89
94
545
94
576
597
668
644
70
499
593
80
554
602
119
486
85
76
555
84
77
469
89
494
56
453
662
571
578
536
532
571
509
95
76
577
101
120
576
624
537
97
110
105
73
86
543
87
61
549
81
111
529
91
525
91
104
601
78
106
91
504
542
515
674
571
606
579
530
593
576
81
508
88
577
495
537
522
78
598
109
526
81
562
95
539
90
88
579
578
567
577
73
565
106
513
66
87
515
618
554
76
557
563
614
62
91
79
506
99
611
496
115
609
562
561
497
91
532
91
562
121
68
510
629
535
555
580
91
532
421
79
557
108
612
553
541
94
678
553
81
550
562
495
586
119
509
568
81
97
526
567
90
62
117
105
53
542
608
543
55
93
131
514
85
104
88
83
575
563
107
438
68
543
81
583
81
549
502
630
62
59
555
534
73
74
94
531
107
85
83
564
543
571
557
554
100
85
534
489
426
86
94
89
80
73
92
73
522
86
55
614
531
87
574
96
111
83
82
481
85
605
521
595
432
103
107
85
553
80
109
103
94
571
101
96
491
79
457
454
544
589
101
96
561
63
68
93
547
88
509
494
572
87
597
66
602
87
104
79
96
564
109
565
546
70
80
509
526
485
564
75
611
505
71
543
56
103
94
550
615
97
83
508
79
547
559
598
113
131
648
532
100
69
599
560
106
542
95
590
54
623
107
79
516
500
74
466
539
513
556
77
74
97
63
583
97
79
89
574
109
561
87
70
572
84
100
550
503
77
636
86
75
563
569
615
102
470
102
102
538
151
552
82
83
514
105
76
87
86
558
82
581
93
62
476
86
81
599
89
570
529
85
95
100
86
89
72
523
95
95
60
544
87
559
544
583
584
97
508
588
580
99
596
524
80
503
90
534
86
585
582
542
611
109
527
100
84
578
70
73
508
67
84
569
555
85
74
589
521
89
524
555
116
561
604
88
562
542
106
85
565
61
84
497
75
561
541
549
92
482
87
538
75
610
81
552
95
615
507
57
93
537
72
535
104
97
621
593
496
563
529
87
506
571
67
82
575
121
83
93
87
569
74
544
597
518
583
484
554
81
90
74
627
593
70
538
78
99
609
544
585
653
623
72
527
525
74
84
72
518
609
81
81
97
604
123
79
512
113
73
88
86
75
474
84
593
82
532
90
554
91
104
82
551
561
662
556
579
606
579
620
494
595
73
526
101
593
573
90
79
564
72
79
79
76
84
509
99
91
92
517
108
507
589
486
84
545
75
555
73
561
576
52
595
76
76
581
72
572
101
559
88
85
117
88
159
120
79
542
70
527
82
53
83
597
570
99
98
86
84
595
487
467
562
604
524
88
81
662
62
568
94
73
86
539
86
75
572
68
537
105
80
62
76
562
572
540
605
645
98
99
67
92
75
130
595
607
604
81
560
86
522
491
175
626
84
555
71
509
600
564
492
566
118
563
603
75
89
527
543
538
579
102
488
89
60
102
82
523
553
91
113
96
522
544
567
75
98
69
89
523
538
78
670
93
65
112
95
643
77
61
83
635
83
557
73
564
106
110
76
599
482
102
438
80
109
93
535
72
519
631
93
100
102
617
120
92
60
541
74
585
611
139
62
560
599
119
474
586
90
462
79
122
529
576
520
68
67
559
93
92
118
79
568
96
544
79
549
69
63
98
540
114
74
78
553
96
140
107
90
588
90
565
500
514
85
585
585
572
82
530
72
622
88
552
441
120
570
625
99
74
92
517
83
509
566
105
69
85
95
78
587
465
107
653
515
107
144
526
613
104
598
586
93
620
89
615
86
566
81
632
533
61
72
119
98
71
80
509
116
496
566
531
523
563
86
629
511
94
473
90
90
80
575
592
96
107
103
91
50
579
608
559
100
488
76
615
525
82
527
545
119
95
630
98
81
91
92
555
537
570
73
85
71
518
103
646
85
86
489
75
94
527
67
96
527
522
625
76
573
86
444
580
503
84
86
544
620
615
81
70
73
563
584
681
457
76
113
535
65
522
539
58
89
585
85
568
82
555
593
99
78
87
96
590
580
82
602
128
94
573
97
551
528
539
75
135
103
542
546
72
92
84
547
75
520
74
589
478
592
541
55
549
570
75
90
74
81
106
72
86
548
80
78
582
110
418
537
567
557
674
88
584
92
541
74
95
557
96
94
575
536
528
595
88
82
498
82
619
98
73
592
585
74
468
575
73
582
522
530
81
118
75
94
82
601
73
493
74
88
610
78
634
94
564
608
581
63
587
554
405
541
666
558
73
602
498
89
97
88
579
98
562
525
516
605
64
80
557
556
93
537
74
88
539
600
555
518
80
86
95
559
63
507
74
61
497
101
99
528
598
593
486
545
75
73
547
113
83
83
562
603
529
566
79
549
86
85
581
92
588
500
87
83
553
88
569
577
94
529
90
100
558
636
127
88
80
73
542
135
80
68
76
614
480
511
543
565
523
545
580
520
102
552
89
554
616
632
504
140
117
85
83
64
95
549
556
84
88
543
559
71
81
90
471
78
673
83
525
88
91
86
98
68
624
614
81
58
579
569
109
559
83
498
83
84
567
110
85
532
104
511
67
81
106
576
546
547
117
105
548
66
522
615
507
590
82
102
598
95
496
88
96
545
85
543
497
587
71
80
77
85
61
614
631
96
91
77
521
552
544
108
93
547
571
65
510
82
435
529
108
78
75
546
105
547
90
96
572
613
118
491
99
88
540
87
76
72
586
106
457
583
553
586
555
557
580
559
593
529
453
536
109
558
498
498
92
71
551
102
610
142
71
584
64
549
594
445
90
76
79
95
565
90
557
103
90
539
623
554
89
590
81
530
54
538
557
594
81
78
535
607
80
119
97
515
98
560
75
82
76
560
67
101
86
514
79
94
563
105
78
564
74
504
82
82
73
92
433
90
630
563
573
95
520
87
531
604
509
529
543
632
84
539
470
90
106
88
85
540
77
545
560
90
551
137
86
559
553
556
86
106
105
77
82
99
71
606
538
570
606
518
78
112
572
597
589
531
71
556
57
580
504
85
71
88
81
525
547
71
530
648
643
113
69
568
574
80
559
80
550
84
116
537
441
96
92
110
494
111
94
72
602
102
562
448
511
75
592
550
541
630
81
90
576
545
574
507
76
623
86
511
448
64
96
552
537
87
94
599
566
442
73
548
552
684
529
523
66
88
565
61
582
95
129
540
518
611
99
72
127
89
74
71
98
83
514
458
75
72
76
522
79
76
89
101
68
146
82
77
73
561
110
101
546
75
83
72
517
74
554
515
105
448
665
514
92
84
90
523
74
522
80
96
542
86
591
628
103
524
66
58
450
86
106
533
66
123
597
480
77
534
599
72
89
83
75
520
538
63
77
79
601
569
80
95
564
527
510
461
565
627
502
82
551
83
586
530
606
548
70
542
507
114
72
528
78
69
595
79
521
546
87
99
93
110
555
77
84
121
613
539
97
73
451
615
603
591
560
579
563
90
80
105
501
577
100
467
94
501
574
75
516
80
98
88
71
94
70
522
79
71
562
67
505
565
88
541
97
74
82
629
138
530
530
610
511
75
533
464
641
530
89
584
64
514
72
532
86
133
147
80
125
569
92
79
525
81
607
89
92
593
74
532
566
85
542
84
77
559
112
108
465
87
108
89
77
83
534
600
66
468
537
93
99
94
80
621
65
77
598
526
557
633
90
116
76
98
78
85
86
76
99
576
604
565
94
73
57
502
488
567
541
606
537
508
571
416
464
93
569
82
537
491
114
90
550
478
599
541
566
454
588
81
84
75
559
607
83
96
567
94
572
82
580
112
72
82
590
78
85
426
485
554
620
118
473
507
501
477
70
526
531
84
74
57
82
102
59
71
557
559
81
68
77
93
86
83
484
118
545
80
544
499
630
60
83
72
507
563
573
603
100
516
75
537
551
499
517
86
561
535
83
500
485
604
591
575
461
597
561
57
537
112
93
624
101
119
581
79
571
111
513
570
76
643
592
99
530
90
77
571
537
84
545
464
87
79
106
81
79
499
73
588
78
558
568
82
69
99
560
108
114
548
80
627
591
95
79
664
106
82
85
57
506
573
512
583
78
550
569
84
80
555
78
621
584
508
71
609
506
524
541
114
70
574
505
653
613
538
506
85
87
94
484
73
582
570
523
90
572
545
84
563
566
82
87
102
521
73
591
563
110
553
558
83
566
564
82
541
552
512
506
84
113
99
124
91
548
464
116
582
70
443
93
111
84
562
618
493
87
104
501
592
524
96
71
495
604
478
83
86
567
67
94
99
86
574
97
105
566
77
101
76
529
485
92
556
83
77
73
537
479
641
537
103
80
90
78
77
511
593
531
570
568
84
61
520
99
559
81
508
532
94
573
641
536
79
89
95
569
88
107
97
102
69
75
560
90
103
100
548
72
560
126
89
545
480
59
639
606
81
68
93
456
496
70
89
583
553
84
527
90
69
574
583
615
624
566
84
558
94
91
621
81
548
60
600
519
554
79
568
98
84
543
80
90
87
95
591
606
497
70
622
524
111
580
82
92
79
59
70
64
579
503
561
56
96
596
530
594
67
199
104
100
621
623
535
111
588
112
593
548
504
95
80
549
87
90
547
526
79
68
67
101
94
66
70
73
84
120
72
72
611
515
79
649
93
76
550
90
535
82
75
67
108
87
651
83
101
670
621
512
558
493
72
556
123
574
584
552
80
103
431
529
543
545
622
568
80
103
48
532
578
600
90
94
75
73
501
604
117
494
524
75
92
98
550
88
584
95
619
531
78
93
86
57
521
103
79
79
86
533
119
519
81
592
124
590
593
571
115
122
76
539
89
81
100
556
111
459
83
63
69
585
538
88
88
71
523
611
85
599
562
552
505
650
112
632
528
560
498
114
587
82
84
560
102
607
584
550
116
614
77
634
574
106
578
81
534
102
88
119
587
568
90
580
74
570
612
100
87
574
552
529
562
546
558
591
75
109
635
97
563
109
110
614
521
538
607
483
593
594
56
73
479
83
638
653
559
71
72
68
112
504
632
86
90
600
529
98
516
462
561
548
92
70
550
97
113
105
61
50
586
73
112
562
599
69
55
70
539
500
583
64
522
99
483
58
516
78
621
625
82
506
546
99
548
531
595
476
534
517
81
522
531
551
52
118
66
590
552
98
70
78
75
597
632
88
85
524
91
636
89
608
92
615
100
552
69
624
572
97
81
98
583
599
99
79
560
588
436
518
74
627
68
76
73
96
489
551
489
78
92
548
439
579
81
92
86
93
564
96
109
523
488
573
549
525
536
56
546
77
549
103
544
626
571
448
97
556
576
70
554
83
74
473
74
72
93
446
91
91
82
514
100
511
600
603
481
562
79
92
555
98
73
570
574
565
88
81
500
86
75
60
93
583
98
587
681
549
96
549
541
507
555
575
535
563
474
595
615
554
83
524
75
579
76
574
525
502
576
78
563
65
545
74
637
81
673
80
535
74
82
494
88
554
135
116
539
475
588
511
557
638
575
610
65
82
71
139
77
564
87
617
79
564
113
90
526
115
64
539
535
92
72
93
77
74
94
92
560
86
605
74
565
536
93
437
532
89
399
82
107
554
588
66
597
530
92
529
578
460
98
629
77
78
533
88
62
488
112
569
652
598
573
527
562
96
555
604
99
572
557
81
536
61
78
136
562
575
606
94
564
536
94
556
65
484
136
75
582
82
50
587
559
560
605
65
116
92
99
84
580
131
612
526
63
568
554
524
125
92
110
84
87
535
77
476
452
524
550
547
90
572
83
492
584
652
63
80
85
117
479
96
58
78
121
60
76
84
631
97
98
96
105
63
131
686
487
600
492
619
553
88
195
613
607
633
52
112
76
84
120
602
84
77
102
513
647
477
500
538
579
85
638
530
80
482
513
86
610
90
550
649
96
95
620
81
575
565
77
110
82
541
505
602
61
595
92
617
69
75
113
506
554
80
71
72
587
103
65
592
62
518
533
543
67
611
100
577
67
112
88
632
583
575
91
75
81
529
489
78
555
541
67
618
85
679
110
510
571
597
87
86
591
625
67
104
89
116
555
70
582
85
462
95
70
639
89
130
110
547
76
88
124
83
591
76
74
536
93
585
104
492
565
71
104
104
559
535
519
561
63
494
94
80
120
607
87
537
616
82
81
614
541
566
593
82
514
79
530
502
575
89
124
551
93
74
161
66
81
471
582
117
114
93
74
59
69
610
89
536
86
565
493
557
102
618
518
589
80
576
84
94
113
547
64
63
561
632
74
555
77
93
565
583
59
584
70
95
66
583
83
466
82
93
524
90
562
643
91
100
93
127
92
526
549
622
469
86
497
532
576
501
66
601
85
97
106
513
590
637
68
85
77
579
576
563
597
511
98
580
106
96
80
617
602
79
86
127
529
552
94
68
91
535
115
90
73
489
629
75
91
534
549
589
54
484
619
59
87
100
64
68
619
646
88
612
544
78
502
94
97
85
623
62
87
75
104
101
535
558
583
87
95
535
582
549
94
97
79
137
576
630
559
78
74
82
102
103
73
66
594
442
95
610
538
425
462
87
77
95
529
569
80
658
632
83
531
95
62
96
622
543
659
108
485
525
76
524
68
69
97
88
398
565
446
521
81
683
520
526
100
588
479
104
484
116
529
74
89
100
79
89
535
644
490
591
565
93
628
449
508
79
632
87
106
538
87
512
588
447
77
88
511
570
87
67
105
58
609
613
592
101
78
524
62
90
107
93
574
604
120
553
534
78
511
91
471
593
628
618
94
496
110
72
525
532
656
61
594
76
81
538
559
114
523
84
92
92
78
582
563
576
615
66
592
95
533
411
517
90
631
83
590
604
71
87
571
82
556
107
514
70
107
87
487
593
534
544
542
512
556
520
511
486
546
81
96
75
620
78
97
520
72
126
532
575
626
511
88
115
94
563
93
87
75
91
101
617
110
552
543
584
88
70
68
83
91
81
76
74
586
64
77
569
96
528
92
66
596
81
90
81
551
453
540
96
600
108
511
101
94
74
82
491
523
89
519
70
600
570
103
586
89
476
94
99
63
567
111
577
105
522
540
502
98
632
516
93
92
96
85
535
562
574
622
82
78
79
90
99
617
116
73
546
642
77
552
560
558
77
578
649
81
529
579
558
487
91
67
565
74
64
604
633
493
98
73
517
538
88
579
99
97
535
91
537
524
584
592
100
71
119
85
76
580
543
117
528
97
96
125
565
528
560
87
88
89
544
475
91
92
95
608
607
563
91
127
591
85
571
514
588
84
535
656
106
636
80
507
554
521
528
585
117
526
595
96
515
105
96
75
553
87
81
98
96
612
618
555
80
82
555
565
574
87
517
97
80
612
96
66
80
75
60
587
97
531
572
72
72
559
543
94
540
76
552
552
168
86
104
608
80
73
87
606
586
545
88
580
524
601
504
564
681
607
94
551
115
461
533
90
659
556
648
70
595
546
517
49
636
544
93
618
102
591
92
593
88
574
510
556
582
102
98
619
103
560
533
560
545
590
451
566
551
559
661
500
533
513
84
535
99
94
73
146
501
80
621
123
78
625
558
596
104
588
515
592
527
82
606
98
550
563
106
638
77
90
79
69
83
540
66
90
76
590
551
69
549
590
550
81
576
581
643
72
583
60
101
78
80
89
79
590
100
481
79
588
105
616
79
63
75
553
65
83
566
86
108
107
505
60
91
97
551
